OPERATOR_ID = 0.0.47672314 # Wallet/Account Address
OPERATOR_PVKEY = 302e020100300506032b657004220420c402a5f5637e17bf3581697e1cdb99ff21149f50b53bdef6f065d3d4a17048fd

TREASURY_ID = 0.0.47672314 # Wallet/Account Address
TREASURY_PVKEY = 302e020100300506032b657004220420c402a5f5637e17bf3581697e1cdb99ff21149f50b53bdef6f065d3d4a17048fd

ALICE_ID = 0.0.47995973
ALICE_PVKEY = 302e020100300506032b657004220420696541a32147e97bdba580c2b68e98c280fd45475388a6555172ef76555cfefd

BOB_ID = 0.0.48148732
BOB_PVKEY = 302e020100300506032b657004220420036f564e5c829607b28078bb07d7a4c083bf613577ba2254d2a70e909b885bf4